"ID","mF","mS","sdF","sdS","m_starting_F","m_starting_S","m_red","m_green","Age","Gender","Height","Weight","resp_confidence","bmi","mF_z","mS_z","diff_walking_speed","diff_starting_speed","diff_color","of_variance","of_speed"
"1",1,1.155,0.7,0.167132681822956,0.121757956618859,0.98,0.875,0.945,0.995,23,"W",166,52,5,18.8706633763972,-0.933201350950597,-0.613021550728564,0.455,0.105,0.0499999999999999,0.144445319220907,0.9275
"2",2,1.455,1.095,0.240468293128221,0.321091887160046,1.555,1.16,1.33,1.41,24,"M",173,83,5,27.7322997761369,-0.398837091900047,0.186304001961641,0.36,0.395,0.0800000000000001,0.280780090144134,1.275
"3",3,1.5,0.975,0.238746727726266,0.351413811149571,1.48,1.025,1.255,1.285,26,"M",173,85,6,28.4005479635136,-0.318682453042465,-0.0565290773366491,0.525,0.455,0.0300000000000002,0.295080269437919,1.2375
"4",4,1.54,0.965,0.15545631755148,0.158403493227475,1.4,1.1,1.245,1.25,35,"M",170,80,5,27.681660899654,-0.247433885169059,-0.0767651672781731,0.575,0.3,0.00499999999999989,0.156929905389478,1.2525
"5",5,1.755,1.35,0.185719322276027,0.163579746097533,1.48,1.495,1.465,1.655,20,"W",168,70,4,24.8015873015873,0.135527167150501,0.702324295470508,0.405,-0.0150000000000001,0.19,0.17464953418678,1.5525
"6",6,1.335,0.79,0.295451631687264,0.266020049369717,1.315,0.76,0.87,1.2,26,"W",153,54,5,23.0680507497116,-0.612582795520267,-0.430896741254847,0.545,0.555,0.33,0.28073584052849,1.0625
"7",7,1.24,0.875,0.194164878389476,0.156923548264752,1.03,0.925,0.94,1.115,18,"M",188,85,6,24.0493435943866,-0.781798144219608,-0.258889976751891,0.365,0.105,0.175,0.175544213327114,1.0575
"8",8,1.815,1.015,0.118708326020826,0.179071680247511,1.485,1.42,1.42,1.39,23,"W",169,56,5,19.6071566121634,0.242400018960611,0.024415282429448,0.8,0.0649999999999999,-0.0299999999999998,0.148890003134168,1.415
"9",9,1.38,0.815,0.206619618300554,0.151986841535707,1.13,0.925,0.955,1.095,20,"M",175,76,4,24.8163265306122,-0.532428156662685,-0.380306516401036,0.565,0.205,0.14,0.17930322991813,1.0975
"10",10,1.12,0.685,0.42390053864871,0.200499376557634,0.86,0.705,0.845,0.705,23,"W",162,53,4,20.1950922115531,-0.995543847839827,-0.643375685640851,0.435,0.155,-0.14,0.312199957603172,0.9025
"11",11,0.99,0.495,0.333366665000167,0.217025344142107,1.01,0.545,0.755,0.685,24,"W",175,63,5,20.5714285714286,-1.2271016934284,-1.02786139452981,0.495,0.465,-0.07,0.275196004571137,0.7425
"12",12,1.49,0.785,0.287097544399112,0.185719322276027,1.13,1.08,1.06,1.265,25,"M",172,80,7,27.0416441319632,-0.336494595010817,-0.441014786225609,0.705,0.0499999999999998,0.205,0.236408433337569,1.1375
"13",13,2.735,1.37,0.368872154908265,0.385313724991294,1.93,2.125,1.98,1.93,21,"W",165,50,5,18.3654729109275,1.88111708004896,0.742796475353557,1.365,-0.195,-0.05,0.377092939949779,2.0525
"14",14,2.07,1.075,0.217159695462425,0.258585898042926,1.475,1.595,1.34,1.645,19,"W",170,53,3,18.3391003460208,0.696609639153578,0.145831822078593,0.995,-0.12,0.305,0.237872796752676,1.5725
"15",15,1.61,1.005,0.135,0.135738719604982,1.295,1.34,1.23,1.43,23,"M",184,85,5,25.1063327032136,-0.122748891390597,0.00417919248792333,0.605,-0.0449999999999999,0.2,0.135369359802491,1.3075
"16",16,1.33,0.62,0.247116706571342,0.24738633753706,1.21,0.77,0.98,1.01,32,"M",190,94,6,26.0387811634349,-0.621488866504443,-0.774910270260758,0.71,0.44,0.03,0.247251522054201,0.975
"17",17,1.305,1.22,0.390427116544603,0.219393102292058,1.545,1.1,1.315,1.22,33,"W",150,46,6,20.4444444444444,-0.666019221425322,0.439255126230694,0.085,0.445,-0.0949999999999998,0.304910109418331,1.2625
"18",18,1.065,0.545,0.204124145231931,0.113431330181157,0.915,0.75,0.785,0.89,22,"W",162,52,5,19.8140527358634,-1.09351062866576,-0.92668094482219,0.52,0.165,0.105,0.158777737706544,0.805
"19",19,2.5,1.755,0.277293466685868,0.66015149776396,2.51,1.925,2.235,2.115,25,"W",167,60,5,21.5138585105239,1.4625317437927,1.52188593810224,0.745,0.585,-0.120000000000001,0.468722482224914,2.1275
"21",21,1.88,1.16,0.656321821466675,0.260768096208106,1.85,1.32,1.41,1.62,26,"M",171,67,6,22.9130330700044,0.358178941754897,0.317838586581549,0.72,0.53,0.21,0.45854495883739,1.52
"22",22,2.755,1.455,0.564173436690054,0.667183133280011,2.125,1.88,1.54,2.425,20,"W",160,70,5,27.34375,1.91674136398567,0.914803239856512,1.3,0.245,0.885,0.615678284985033,2.105
"23",23,3.035,1.04,0.827299824731034,0.826695228001227,2.935,1.54,2.32,1.94,22,"W",162,58,3,22.1002895900015,2.41548133909951,0.0750055072832583,1.995,1.395,-0.38,0.82699752636613,2.0375
"24",24,1.28,0.965,0.642987817406623,0.100829889748361,1.11,1.055,1.035,1.145,34,"M",185,62,5,18.1154127100073,-0.710549576346201,-0.0767651672781733,0.315,0.0549999999999997,0.11,0.371908853577492,1.1225
"25",25,1.475,0.735,0.505074251966976,0.484587453407535,1.57,0.58,1.495,0.685,23,"M",181,74,6,22.5878330942279,-0.363212807963344,-0.54219523593323,0.74,0.99,-0.81,0.494830852687255,1.105
"26",26,2.105,1.075,0.199227675453655,0.303136382947786,1.815,1.595,1.525,1.76,23,"M",178,70,6,22.0931700542861,0.758952136042809,0.145831822078593,1.03,0.22,0.235,0.25118202920072,1.59
"27",27,1.21,0.49,0.152616076042685,0.150665191733194,0.815,0.785,0.815,0.905,21,"M",179,82,6,25.5922099809619,-0.835234570124663,-1.03797943950057,0.72,0.03,0.0900000000000001,0.151640633887939,0.85
"28",28,1.55,0.935,0.0403112887414928,0.276932603112502,1.335,1.36,1.15,1.36,23,"M",174,55,4,18.1662042541947,-0.229621743200707,-0.137473437102746,0.615,-0.0249999999999999,0.21,0.158621945926997,1.2425
"29",29,1.69,1.19,0.267004993711104,0.466761895045715,1.535,1.15,1.525,1.47,25,"M",179,95,4,29.6495115633095,0.0197482443562159,0.378546856406121,0.5,0.385,-0.0549999999999999,0.366883444378409,1.44
"30",30,0.855,0.555,0.122031416719903,0.257471681290713,0.71,0.83,0.805,0.7,21,"W",160,42,5,16.40625,-1.46756561000115,-0.906444854880665,0.3,-0.12,-0.105,0.189751549005308,0.705
"31",31,2.29,1.325,0.264323034687987,0.229110599201928,1.69,1.81,1.69,1.805,22,"M",182,66,5,19.9251298152397,1.08847676245731,0.651734070616698,0.965,-0.12,0.115,0.246716816944958,1.8075
"32",32,1.295,0.73,0.17710637105047,0.199728983041187,1.225,0.855,0.955,1.1,24,"W",161,55,6,21.2183171945527,-0.683831363393674,-0.552313280903992,0.565,0.37,0.145,0.188417677045828,1.0125
"33",33,1.525,1.015,0.116761865920913,0.181291661878495,1.275,1.285,1.275,1.34,22,"M",184,54,3,15.9499054820416,-0.274152098121586,0.024415282429448,0.51,-0.0100000000000002,0.0650000000000002,0.149026763899704,1.27
"34",34,1.095,0.535,0.222017266595791,0.134288247189891,0.795,0.755,0.785,0.9,19,"W",155,48,4,19.9791883454735,-1.04007420276071,-0.946917034763714,0.56,0.04,0.115,0.178152756892841,0.815
"35",35,1.785,1.165,0.297811461610642,0.389476143899298,1.545,1.385,1.315,1.77,22,"W",172,61,3,20.619253650622,0.188963593055557,0.327956631552311,0.62,0.16,0.455,0.34364380275497,1.475
"36",36,1.54,1.07,0.219753649950727,0.122304265393049,1.21,1.31,1.265,1.195,22,"W",165,55,5,20.2020202020202,-0.247433885169059,0.13571377710783,0.47,-0.1,-0.0700000000000003,0.171028957671888,1.305
"37",37,1.19,0.54,0.212994522621279,0.151079449297381,0.98,0.69,0.88,0.77,20,"M",180,75,4,23.1481481481481,-0.870858854061366,-0.936798989792951,0.65,0.29,-0.11,0.18203698595933,0.865
"38",38,2.15,0.825,0.226476636028237,0.247571538482651,1.715,1.295,1.495,1.53,24,"W",170,69,6,23.8754325259516,0.839106774900391,-0.360070426459512,1.325,0.42,0.0350000000000001,0.237024087255444,1.4875
"39",39,1.23,0.715,0.189978068909721,0.145688022843335,1.045,0.875,0.895,1.01,20,"M",178,74,6,23.355636914531,-0.799610286187959,-0.582667415816278,0.515,0.17,0.115,0.167833045876528,0.9725
"40",40,1.105,0.49,0.262615054150874,0.173469497799085,1.005,0.67,0.76,0.84,22,"M",181,70,5,21.3668691431885,-1.02226206079235,-1.03797943950057,0.615,0.335,0.0800000000000001,0.21804227597498,0.7975
"41",41,2.405,1.455,0.204042479237372,0.463995330436273,2.235,1.795,1.98,2.28,19,"W",173,58,5,19.379197433927,1.29331639509336,0.914803239856512,0.95,0.44,0.3,0.334018904836823,1.93
"42",42,1.575,0.88,0.295860327406926,0.346650640655209,1.225,1.135,1.135,1.26,18,"W",167,59,6,21.1552942020151,-0.185091388279828,-0.248771931781129,0.695,0.0900000000000003,0.125,0.321255484031067,1.2275
"43",43,1.495,0.56,0.558241285944826,0.300152738895827,1.23,0.48,1.065,0.71,22,"M",188,65,4,18.3906745133545,-0.327588524026641,-0.896326809909903,0.935,0.75,-0.355,0.429197012420327,1.0275
"44",44,1.73,1.205,0.296802403404465,0.740647239469191,1.77,0.89,1.435,1.77,21,"M",180,70,5,21.6049382716049,0.0909968122296225,0.408900991318408,0.525,0.88,0.335,0.518724821436828,1.4675
"45",45,1.855,1.19,0.134008706184835,0.284018778721877,1.55,1.555,1.555,1.515,32,"M",182,80,5,24.1516725033209,0.313648586834018,0.378546856406121,0.665,-0.00500000000000012,-0.0399999999999998,0.209013742453356,1.5225
"46",46,2.49,1.085,0.976319619796714,0.132916013582513,1.605,1.41,1.41,1.605,20,"W",156,50,6,20.5456936226167,1.44471960182435,0.166067912020117,1.405,0.195,0.195,0.554617816689613,1.7875
