"ID"	"hit_rate"	"fa_rate"	"s"	"c"	"hit_rate_acc"	"hit_rate_dec"	"fa_rate_acc"	"fa_rate_dec"	"s_acc"	"s_dec"	"c_acc"	"c_dec"	"conf_acc"	"conf_dec"	"Age"	"Gender"	"Height"	"Weight"	"conf_acc_dec_mean"	"bmi"
"1"	1	68.9189189189189	28.3783783783784	1.06519092025463	0.0390420650377703	71.0526315789474	65.7894736842105	13.1578947368421	44.7368421052632	1.67388132376521	0.539037104147535	0.282017719179953	-0.137205699797596	3	4	23	"W"	166	52	3.5	18.8706633763972
"2"	2	71.6216216216216	52.7027027027027	0.50383890972385	-0.319718070303161	65.7894736842105	76.3157894736842	39.4736842105263	65.7894736842105	0.673718377276316	0.309773248306628	-0.0698650632332055	-0.561610876024678	3	2	24	"M"	173	83	2.5	27.7322997761369
"3"	3	71.6216216216216	52.7027027027027	0.50383890972385	-0.319718070303161	55.2631578947368	86.8421052631579	50	55.2631578947368	0.132312852276171	0.986645528786389	-0.0661564261380857	-0.625635616669366	3	5	26	"M"	173	85	4	28.4005479635136
"4"	4	85.1351351351351	6.75675675675676	2.53640165045331	0.225954083394248	86.8421052631579	81.5789473684211	2.63157894736842	13.1578947368421	3.05688989191539	2.01839328872979	0.409486564895134	0.109761736697663	6	5	35	"M"	170	80	5.5	27.681660899654
"5"	5	79.7297297297297	20.2702702702703	1.66401254003295	0	76.3157894736842	81.5789473684211	28.9473684210526	13.1578947368421	1.27142044288065	2.01839328872979	-0.0807872787376689	0.109761736697663	5	7	20	"W"	168	70	6	24.8015873015873
"6"	6	79.7297297297297	50	0.832006270016473	-0.416003135008236	76.3157894736842	81.5789473684211	39.4736842105263	60.5263157894737	0.983491625582944	0.632440782262281	-0.224751687386519	-0.583214516536093	3	5	26	"W"	153	54	4	23.0680507497116
"7"	7	77.027027027027	47.2972972972973	0.807535834855126	-0.335969301986327	55.2631578947368	97.3684210526316	34.2105263157895	60.5263157894737	0.539037104147535	1.67093738544788	0.137205699797596	-1.10246281812889	4	5	18	"M"	188	85	4.5	24.0493435943866
"8"	8	71.6216216216216	50	0.571637525165086	-0.285818762582543	65.7894736842105	76.3157894736842	39.4736842105263	60.5263157894737	0.673718377276316	0.449503374773039	-0.0698650632332055	-0.491745812791472	2	6	23	"W"	169	56	4	19.6071566121634
"9"	9	77.027027027027	39.1891891891892	1.01412870727393	-0.232672865776927	71.0526315789474	81.5789473684211	39.4736842105263	39.4736842105263	0.821917068107606	1.16642903307219	-0.14396440864885	-0.316220391131141	4	5	20	"M"	175	76	4.5	24.8163265306122
"10"	10	74.3243243243243	52.7027027027027	0.5855779955303	-0.360587613206385	60.5263157894737	86.8421052631579	39.4736842105263	65.7894736842105	0.533988250809905	0.712234129191196	0	-0.762841316466962	5	6	23	"W"	162	53	5.5	20.1950922115531
"11"	11	52.7027027027027	22.972972972973	0.807535834855126	0.335969301986327	28.9473684210526	76.3157894736842	7.89473684210526	39.4736842105263	0.85726463620351	0.983491625582944	0.983555260804408	-0.224751687386519	3	4	24	"W"	175	63	3.5	20.5714285714286
"12"	12	28.3783783783784	12.1621621621622	0.595281075970232	0.869278063150202	2.63157894736842	55.2631578947368	2.63157894736842	23.6842105263158	0	0.848810352454163	1.93793151085283	0.29209232395091	4	6	25	"M"	172	80	5	27.0416441319632
"13"	13	74.3243243243243	50	0.653376610971535	-0.326688305485768	65.7894736842105	81.5789473684211	39.4736842105263	60.5263157894737	0.673718377276316	0.632440782262281	-0.0698650632332055	-0.583214516536093	3	5	21	"W"	165	50	4	18.3654729109275
"14"	14	74.3243243243243	36.4864864864865	0.998861684691334	-0.153945768625868	71.0526315789474	76.3157894736842	44.7368421052632	28.9473684210526	0.687235794978825	1.27142044288065	-0.211305045213241	-0.0807872787376689	5	4	19	"W"	170	53	4.5	18.3391003460208
"15"	15	55.4054054054054	33.7837837837838	0.554281968558135	0.141230303632587	44.7368421052632	65.7894736842105	28.9473684210526	39.4736842105263	0.422610090426482	0.673718377276316	0.343617897489412	-0.0698650632332055	2	3	23	"M"	184	85	2.5	25.1063327032136
"16"	16	66.2162162162162	60.8108108108108	0.143979800051617	-0.346381387885846	65.7894736842105	65.7894736842105	50	71.0526315789474	0.406724251871364	-0.14819869083129	-0.203362125935682	-0.480823597287009	5	6	32	"M"	190	94	5.5	26.0387811634349
"17"	17	68.9189189189189	44.5945945945946	0.629464075736026	-0.178821357221532	65.7894736842105	71.0526315789474	28.9473684210526	60.5263157894737	0.961647194574017	0.287928817297701	0.0740993454156449	-0.410958534053803	5	4	33	"W"	150	46	4.5	20.4444444444444
"18"	18	68.9189189189189	33.7837837837838	0.911924683001199	-0.0375910535889455	50	86.8421052631579	34.2105263157895	34.2105263157895	0.406724251871364	1.52568263293392	0.203362125935682	-0.356117064595598	4	5	22	"W"	162	52	4.5	19.8140527358634
"19"	19	55.4054054054054	22.972972972973	0.875647900060371	0.301913269383705	44.7368421052632	65.7894736842105	13.1578947368421	34.2105263157895	0.986645528786389	0.813448503742727	0.625635616669366	-5.55111512312578e-17	3	4	25	"W"	167	60	3.5	21.5138585105239
"20"	20	66.2162162162162	17.5675675675676	1.35034260025484	0.256800012215768	65.7894736842105	65.7894736842105	23.6842105263158	13.1578947368421	1.12322175204936	1.52568263293392	0.154886624153314	0.356117064595598	4	3	26	"W"	173	50	3.5	16.7062046844198
"21"	21	63.5135135135135	44.5945945945946	0.481395754366279	-0.104787196536659	44.7368421052632	81.5789473684211	34.2105263157895	55.2631578947368	0.274411399595192	0.767122055391062	0.269518552073767	-0.515873879971703	5	5	26	"M"	171	67	5	22.9130330700044
"22"	22	63.5135135135135	47.2972972972973	0.413283689161034	-0.138843229139281	55.2631578947368	71.0526315789474	39.4736842105263	55.2631578947368	0.399306977681124	0.422610090426482	0.0673406365643906	-0.343617897489412	4	3	20	"W"	160	70	3.5	27.34375
"23"	23	74.3243243243243	52.7027027027027	0.5855779955303	-0.360587613206385	65.7894736842105	81.5789473684211	44.7368421052632	60.5263157894737	0.539037104147535	0.632440782262281	-0.137205699797596	-0.583214516536093	2	3	22	"W"	162	58	2.5	22.1002895900015
"24"	24	58.1081081081081	28.3783783783784	0.776297443735562	0.183488803297305	50	65.7894736842105	13.1578947368421	44.7368421052632	1.11895838106256	0.539037104147535	0.55947919053128	-0.137205699797596	5	3	34	"M"	185	62	4	18.1154127100073
"25"	25	68.9189189189189	36.4864864864865	0.839038468809344	-0.0740341606848733	65.7894736842105	71.0526315789474	28.9473684210526	44.7368421052632	0.961647194574017	0.687235794978825	0.0740993454156449	-0.211305045213241	4	6	23	"M"	181	74	5	22.5878330942279
"26"	26	74.3243243243243	28.3783783783784	1.22501413613662	-0.0408695429032247	71.0526315789474	76.3157894736842	18.4210526315789	39.4736842105263	1.45435785036989	0.983491625582944	0.17225598248229	-0.224751687386519	5	6	23	"M"	178	70	5.5	22.0931700542861
"27"	27	77.027027027027	47.2972972972973	0.807535834855126	-0.335969301986327	71.0526315789474	81.5789473684211	39.4736842105263	55.2631578947368	0.821917068107606	0.767122055391062	-0.14396440864885	-0.515873879971703	4	6	21	"M"	179	82	5	25.5922099809619
"28"	28	68.9189189189189	28.3783783783784	1.06519092025463	0.0390420650377703	71.0526315789474	65.7894736842105	23.6842105263158	34.2105263157895	1.27142044288065	0.813448503742727	0.0807872787376689	-5.55111512312578e-17	4	5	23	"M"	174	55	4.5	18.1662042541947
"29"	29	50	33.7837837837838	0.418371287911654	0.209185643955827	34.2105263157895	65.7894736842105	18.4210526315789	50	0.49271065579587	0.406724251871364	0.653079579769299	-0.203362125935682	3	5	25	"M"	179	95	4	29.6495115633095
"30"	30	63.5135135135135	33.7837837837838	0.763856361631453	0.0364431070959279	76.3157894736842	50	34.2105263157895	34.2105263157895	1.12322175204935	0.406724251871364	-0.154886624153314	0.203362125935682	2	2	21	"W"	160	42	2	16.40625
"31"	31	79.7297297297297	25.6756756756757	1.48538288098801	-0.0893148295224688	76.3157894736842	81.5789473684211	7.89473684210526	44.7368421052632	2.12868507908416	1.0317477599434	0.347845039364086	-0.383561027695531	3	5	22	"M"	182	66	4	19.9251298152397
"32"	32	79.7297297297297	36.4864864864865	1.17749134373627	-0.243260598148337	81.5789473684211	76.3157894736842	23.6842105263158	50	1.61593240784523	0.716497500177991	-0.0914687037446212	-0.358248750088996	4	3	24	"W"	161	55	3.5	21.2183171945527
"33"	33	63.5135135135135	44.5945945945946	0.481395754366279	-0.104787196536659	60.5263157894737	65.7894736842105	39.4736842105263	50	0.533988250809905	0.406724251871364	0	-0.203362125935682	3	5	22	"M"	184	54	4	15.9499054820416
"34"	34	68.9189189189189	39.1891891891892	0.767944882949582	-0.109580953614754	44.7368421052632	92.1052631578947	34.2105263157895	44.7368421052632	0.274411399595192	1.54450043118233	0.269518552073767	-0.639937363314996	2	3	19	"W"	155	48	2.5	19.9791883454735
"35"	35	77.027027027027	41.8918918918919	0.944397137984366	-0.267538650421707	71.0526315789474	81.5789473684211	44.7368421052632	39.4736842105263	0.687235794978825	1.16642903307219	-0.211305045213241	-0.316220391131141	3	4	22	"W"	172	61	3.5	20.619253650622
"36"	36	55.4054054054054	36.4864864864865	0.481395754366279	0.104787196536659	34.2105263157895	76.3157894736842	34.2105263157895	39.4736842105263	0	0.983491625582944	0.406724251871364	-0.224751687386519	5	3	22	"W"	165	55	4	20.2020202020202
"37"	37	71.6216216216216	47.2972972972973	0.639436140606322	-0.251919454861925	71.0526315789474	71.0526315789474	39.4736842105263	55.2631578947368	0.821917068107606	0.422610090426482	-0.14396440864885	-0.343617897489412	5	3	20	"M"	180	75	4	23.1481481481481
"38"	38	50	22.972972972973	0.73973721941389	0.369868609706945	55.2631578947368	44.7368421052632	7.89473684210526	39.4736842105263	1.54450043118233	0.134681273128781	0.639937363314996	0.199653488840562	4	5	24	"W"	170	69	4.5	23.8754325259516
"39"	39	60.8108108108108	28.3783783783784	0.846029013025123	0.148623018652524	50	71.0526315789474	18.4210526315789	39.4736842105263	0.899434907667234	0.821917068107606	0.449717453833617	-0.14396440864885	5	4	20	"M"	178	74	4.5	23.355636914531
"40"	40	74.3243243243243	17.5675675675676	1.58534792331473	0.139297350685828	65.7894736842105	81.5789473684211	13.1578947368421	23.6842105263158	1.52568263293392	1.61593240784523	0.356117064595598	-0.0914687037446212	2	3	22	"M"	181	70	2.5	21.3668691431885
"41"	41	66.2162162162162	31.0810810810811	0.9119246830012	0.0375910535889456	76.3157894736842	55.2631578947368	34.2105263157895	28.9473684210526	1.12322175204935	0.687235794978825	-0.154886624153314	0.211305045213241	6	3	19	"W"	173	58	4.5	19.379197433927
"42"	42	63.5135135135135	41.8918918918919	0.550144992290274	-0.0704125775746612	60.5263157894737	65.7894736842105	39.4736842105263	44.7368421052632	0.533988250809905	0.539037104147535	0	-0.137205699797596	4	3	18	"W"	167	59	3.5	21.1552942020151
"43"	43	52.7027027027027	25.6756756756757	0.721175226412771	0.29278899776515	18.4210526315789	86.8421052631579	13.1578947368421	39.4736842105263	0.219523473395326	1.38595250646751	1.0091966443649	-0.425982127828804	3	4	22	"M"	188	65	3.5	18.3906745133545
"44"	44	82.4324324324324	47.2972972972973	0.999769927784426	-0.432086348450977	81.5789473684211	81.5789473684211	44.7368421052632	50	1.0317477599434	0.899434907667234	-0.383561027695531	-0.449717453833617	5	4	21	"M"	180	70	4.5	21.6049382716049
"45"	45	33.7837837837838	14.8648648648649	0.623875453920755	0.730309014872032	13.1578947368421	55.2631578947368	13.1578947368421	18.4210526315789	0	1.03174775994341	1.11895838106256	0.383561027695531	6	2	32	"M"	182	80	4	24.1516725033209
"46"	46	82.4324324324324	63.5135135135135	0.586486238623392	-0.638728193031494	76.3157894736842	86.8421052631579	50	76.3157894736842	0.716497500177991	0.402460880884568	-0.358248750088996	-0.917727940620276	4	4	20	"W"	156	50	4	20.5456936226167
