"ID"	"conf_speed_up"	"conf_speed_down"
"1"	1	3	4
"2"	2	3	2
"3"	3	3	5
"4"	4	6	5
"5"	5	5	7
"6"	6	3	5
"7"	7	4	5
"8"	8	2	6
"9"	9	4	5
"10"	10	5	6
"11"	11	3	4
"12"	12	4	6
"13"	13	3	5
"14"	14	5	4
"15"	15	2	3
"16"	16	5	6
"17"	17	5	4
"18"	18	4	5
"19"	19	3	4
"20"	20	4	3
"21"	21	5	5
"22"	22	4	3
"23"	23	2	3
"24"	24	5	3
"25"	25	4	6
"26"	26	5	6
"27"	27	4	6
"28"	28	4	5
"29"	29	3	5
"30"	30	2	2
"31"	31	3	5
"32"	32	4	3
"33"	33	3	5
"34"	34	2	3
"35"	35	3	4
"36"	36	5	3
"37"	37	5	3
"38"	38	4	5
"39"	39	5	4
"40"	40	2	3
"41"	41	6	3
"42"	42	4	3
"43"	43	3	4
"44"	44	5	4
"45"	45	6	2
"46"	46	4	4
